# constants

MU = 3.986004418e14        # [m^3/s^2]
R_EARTH = 6378137.0       # [m]
J2 = 1.08263e-3
